                            114 115 109  59      61  62
180 179 183 184 185 116 113
                            111 110  48  49  56  53  57
171 172 173 174 175 104 105
                            106 112  47  41  50  55  54
169 170 176         102 103
                            100 101  36  42  39  44  46
159 160 168          81  96
                             95  99  35   6  40  43  45
157 158 161          92  82
                             90  91   2   5          21
147 148 152 151 156      87
                             88  89   1   4          20
145 146 154 153 155  97  85
                             83  98  11   3          19
140 139 141 142 144  76  77
                             78  84  12  15  16  17  18
133 134 138 137 143  74  75
